%eval_id interface              k             Tt              m       Densityq              M             Pj             Pt              R             Tj             Vt             Vq 
1            NO_ID    1.517434895    123.9140953              0         33.367              4        5000000         400000           8314            300            3.8     0.35329087 
2            NO_ID    1.647973541    125.1100045              0         33.367              4        5000000         400000           8314            300            3.8     0.38001545 
3            NO_ID    1.482648784     123.197077              0         33.367              4        5000000         400000           8314            300            3.8     0.34720098 
4            NO_ID    1.621612127     124.861547              0         33.367              4        5000000         400000           8314            300            3.8      0.3746807 
5            NO_ID    1.799101366    120.2472646              0         33.367              4        5000000         400000           8314            300            3.8     0.43164179 
6            NO_ID    1.541757684    125.8556697              0         33.367              4        5000000         400000           8314            300            3.8     0.35341615 
7            NO_ID    1.524043556    123.6640185              0         33.367              4        5000000         400000           8314            300            3.8     0.35554705 
8            NO_ID    1.616404064    124.5274792              0         33.367              4        5000000         400000           8314            300            3.8     0.37447928 
9            NO_ID    1.915153446    127.9056625              0         33.367              4        5000000         400000           8314            300            3.8     0.43197326 
10           NO_ID    1.389449504    119.6861381              0         33.367              4        5000000         400000           8314            300            3.8     0.33492068 
11           NO_ID    1.896431915    126.2140708              0         33.367              4        5000000         400000           8314            300            3.8     0.43348347 
12           NO_ID     1.78336923    123.7478993              0         33.367              4        5000000         400000           8314            300            3.8     0.41576362 
13           NO_ID    1.471624283    121.2194183              0         33.367              4        5000000         400000           8314            300            3.8     0.35024166 
14           NO_ID    1.381724633    118.0417535              0         33.367              4        5000000         400000           8314            300            3.8     0.33769832 
15           NO_ID    1.323256465    122.9696449              0         33.367              4        5000000         400000           8314            300            3.8     0.31044821 
16           NO_ID    1.413505323    130.4365321              0         33.367              4        5000000         400000           8314            300            3.8     0.31263764 
17           NO_ID    1.897596905    128.4288172              0         33.367              4        5000000         400000           8314            300            3.8     0.42626977 
18           NO_ID    1.442704179    122.9857036              0         33.367              4        5000000         400000           8314            300            3.8     0.33842755 
19           NO_ID    1.776061723    127.0850322              0         33.367              4        5000000         400000           8314            300            3.8     0.40318717 
20           NO_ID    1.573855198    125.1466809              0         33.367              4        5000000         400000           8314            300            3.8     0.36281772 
21           NO_ID    1.854188472    132.0099339              0         33.367              4        5000000         400000           8314            300            3.8     0.40521948 
22           NO_ID     1.53522283    119.1296948              0         33.367              4        5000000         400000           8314            300            3.8     0.37178721 
23           NO_ID    1.645441486    126.1432047              0         33.367              4        5000000         400000           8314            300            3.8     0.37632376 
24           NO_ID    1.752275214    122.9437545              0         33.367              4        5000000         400000           8314            300            3.8     0.41118655 
25           NO_ID    1.451496743     119.073948              0         33.367              4        5000000         400000           8314            300            3.8     0.35167571 
26           NO_ID    1.799090328    132.4838022              0         33.367              4        5000000         400000           8314            300            3.8     0.39177186 
27           NO_ID    1.374192181    120.7894691              0         33.367              4        5000000         400000           8314            300            3.8     0.32821729 
28           NO_ID    1.455834269    120.0037698              0         33.367              4        5000000         400000           8314            300            3.8      0.3499936 
29           NO_ID    1.384353241    121.2433386              0         33.367              4        5000000         400000           8314            300            3.8     0.32940644 
30           NO_ID    1.515440633    122.5567301              0         33.367              4        5000000         400000           8314            300            3.8     0.35673426 
31           NO_ID    1.937178098    126.2548621              0         33.367              4        5000000         400000           8314            300            3.8      0.4426541 
32           NO_ID    1.951448348    128.8698676              0         33.367              4        5000000         400000           8314            300            3.8     0.43686649 
33           NO_ID    1.400125335    135.8149151              0         33.367              4        5000000         400000           8314            300            3.8     0.29741475 
34           NO_ID     1.57556311    121.5540175              0         33.367              4        5000000         400000           8314            300            3.8     0.37394656 
35           NO_ID    1.363325323     126.593757              0         33.367              4        5000000         400000           8314            300            3.8     0.31069214 
36           NO_ID    1.695474441     126.404263              0         33.367              4        5000000         400000           8314            300            3.8      0.3869658 
37           NO_ID    1.815954912    127.6534668              0         33.367              4        5000000         400000           8314            300            3.8      0.4104077 
38           NO_ID    1.665717985    123.8001758              0         33.367              4        5000000         400000           8314            300            3.8     0.38817116 
39           NO_ID     1.36807636    122.0050899              0         33.367              4        5000000         400000           8314            300            3.8     0.32350086 
40           NO_ID    1.524414458    130.6644947              0         33.367              4        5000000         400000           8314            300            3.8     0.33658017 
41           NO_ID    1.637319443    127.0548836              0         33.367              4        5000000         400000           8314            300            3.8     0.37177922 
42           NO_ID    1.966920954    117.2790007              0         33.367              4        5000000         400000           8314            300            3.8     0.48384884 
43           NO_ID      1.8097903    116.1142426              0         33.367              4        5000000         400000           8314            300            3.8     0.44966162 
44           NO_ID    1.537194311    122.3186417              0         33.367              4        5000000         400000           8314            300            3.8      0.3625594 
45           NO_ID     1.60747814    122.4531459              0         33.367              4        5000000         400000           8314            300            3.8     0.37871995 
46           NO_ID     1.23061217       133.4835              0         33.367              4        5000000         400000           8314            300            3.8     0.26597246 
47           NO_ID    1.853192251    122.0878575              0         33.367              4        5000000         400000           8314            300            3.8     0.43791625 
48           NO_ID    1.753649358    113.6472719              0         33.367              4        5000000         400000           8314            300            3.8     0.44517094 
49           NO_ID    1.708242895    118.6977914              0         33.367              4        5000000         400000           8314            300            3.8     0.41519302 
50           NO_ID     1.37183351    126.8145798              0         33.367              4        5000000         400000           8314            300            3.8     0.31208671 
51           NO_ID    1.462424434    121.9960379              0         33.367              4        5000000         400000           8314            300            3.8     0.34583645 
52           NO_ID    1.807120178    123.9705395              0         33.367              4        5000000         400000           8314            300            3.8     0.42054415 
53           NO_ID    1.368513604    123.1708098              0         33.367              4        5000000         400000           8314            300            3.8     0.32054158 
54           NO_ID    2.092735297    126.1597724              0         33.367              4        5000000         400000           8314            300            3.8     0.47856007 
55           NO_ID    1.407425912    122.6870812              0         33.367              4        5000000         400000           8314            300            3.8     0.33095562 
56           NO_ID    1.649267551    128.6973872              0         33.367              4        5000000         400000           8314            300            3.8     0.36971276 
57           NO_ID    1.699640093    126.7112149              0         33.367              4        5000000         400000           8314            300            3.8     0.38697683 
58           NO_ID    1.290670668     125.009247              0         33.367              4        5000000         400000           8314            300            3.8     0.29786286 
59           NO_ID    1.422881159    134.2191903              0         33.367              4        5000000         400000           8314            300            3.8     0.30584196 
60           NO_ID     1.48299954    127.7551515              0         33.367              4        5000000         400000           8314            300            3.8     0.33489268 
61           NO_ID    1.509953982    115.8681191              0         33.367              4        5000000         400000           8314            300            3.8     0.37596101 
62           NO_ID    1.358100807     134.836417              0         33.367              4        5000000         400000           8314            300            3.8     0.29058143 
63           NO_ID    1.583991855    128.3902201              0         33.367              4        5000000         400000           8314            300            3.8     0.35592956 
64           NO_ID    1.199829993    125.3636328              0         33.367              4        5000000         400000           8314            300            3.8     0.27611576 
65           NO_ID    1.620509533    127.5554455              0         33.367              4        5000000         400000           8314            300            3.8     0.36651828 
66           NO_ID      1.3652478     127.114764              0         33.367              4        5000000         400000           8314            300            3.8     0.30985503 
67           NO_ID    1.526434055    123.9330844              0         33.367              4        5000000         400000           8314            300            3.8     0.35533161 
68           NO_ID    1.226569096     128.097993              0         33.367              4        5000000         400000           8314            300            3.8     0.27624393 
69           NO_ID    1.464671253    123.1495788              0         33.367              4        5000000         400000           8314            300            3.8     0.34312336 
70           NO_ID     1.69898902    121.6235218              0         33.367              4        5000000         400000           8314            300            3.8     0.40301021 
71           NO_ID    1.288386912    127.7557153              0         33.367              4        5000000         400000           8314            300            3.8     0.29094374 
72           NO_ID    1.841304101    128.9394345              0         33.367              4        5000000         400000           8314            300            3.8     0.41198634 
73           NO_ID     1.55924706    130.7773547              0         33.367              4        5000000         400000           8314            300            3.8     0.34397386 
74           NO_ID    1.574497567    116.0170265              0         33.367              4        5000000         400000           8314            300            3.8     0.39152844 
75           NO_ID    1.443393421    124.6522232              0         33.367              4        5000000         400000           8314            300            3.8     0.33406252 
76           NO_ID    1.408052247    122.7806539              0         33.367              4        5000000         400000           8314            300            3.8     0.33085057 
77           NO_ID    1.898388721    129.9447513              0         33.367              4        5000000         400000           8314            300            3.8     0.42147271 
78           NO_ID    1.653803457    126.1729607              0         33.367              4        5000000         400000           8314            300            3.8       0.378147 
79           NO_ID    1.452842381     129.294169              0         33.367              4        5000000         400000           8314            300            3.8     0.32417731 
80           NO_ID    1.551091753    123.3745611              0         33.367              4        5000000         400000           8314            300            3.8     0.36270615 
81           NO_ID    1.690094862    115.6224727              0         33.367              4        5000000         400000           8314            300            3.8     0.42170804 
82           NO_ID    1.246430011    123.5244075              0         33.367              4        5000000         400000           8314            300            3.8      0.2911107 
83           NO_ID    1.463426283    127.4393235              0         33.367              4        5000000         400000           8314            300            3.8     0.33129162 
84           NO_ID    1.678235459    123.3743648              0         33.367              4        5000000         400000           8314            300            3.8     0.39243797 
85           NO_ID    1.177356152    134.4579484              0         33.367              4        5000000         400000           8314            300            3.8     0.25261808 
86           NO_ID    1.872294747    127.4296321              0         33.367              4        5000000         400000           8314            300            3.8     0.42388383 
87           NO_ID    1.539068588    125.3154492              0         33.367              4        5000000         400000           8314            300            3.8     0.35432061 
88           NO_ID    1.745114052    124.6603945              0         33.367              4        5000000         400000           8314            300            3.8     0.40386701 
89           NO_ID    1.482240825    122.7729571              0         33.367              4        5000000         400000           8314            300            3.8     0.34830452 
90           NO_ID    1.515747045    127.5845205              0         33.367              4        5000000         400000           8314            300            3.8     0.34274553 
91           NO_ID    1.699696627    124.3600452              0         33.367              4        5000000         400000           8314            300            3.8     0.39430619 
92           NO_ID    1.779663386    123.9893724              0         33.367              4        5000000         400000           8314            300            3.8     0.41409164 
93           NO_ID    1.773148055    130.6263947              0         33.367              4        5000000         400000           8314            300            3.8     0.39161301 
94           NO_ID    1.482970633    127.4278285              0         33.367              4        5000000         400000           8314            300            3.8     0.33574637 
95           NO_ID    1.649357471    121.7972459              0         33.367              4        5000000         400000           8314            300            3.8     0.39067928 
96           NO_ID    1.905073396    126.5131394              0         33.367              4        5000000         400000           8314            300            3.8     0.43442933 
97           NO_ID    1.585082722    124.0132155              0         33.367              4        5000000         400000           8314            300            3.8     0.36874575 
98           NO_ID    1.897649157    127.4764801              0         33.367              4        5000000         400000           8314            300            3.8     0.42946613 
99           NO_ID    1.661751595    124.9656489              0         33.367              4        5000000         400000           8314            300            3.8     0.38363526 
100          NO_ID    1.882997547    128.6072397              0         33.367              4        5000000         400000           8314            300            3.8     0.42240339 
101          NO_ID    1.517434895    121.9960379              0         33.367              4        5000000         400000           8314            300            3.8     0.35884541 
102          NO_ID    1.647973541    123.9705395              0         33.367              4        5000000         400000           8314            300            3.8     0.38350833 
103          NO_ID    1.482648784    123.1708098              0         33.367              4        5000000         400000           8314            300            3.8     0.34727502 
104          NO_ID    1.621612127    126.1597724              0         33.367              4        5000000         400000           8314            300            3.8     0.37082512 
105          NO_ID    1.799101366    122.6870812              0         33.367              4        5000000         400000           8314            300            3.8     0.42305794 
106          NO_ID    1.541757684    128.6973872              0         33.367              4        5000000         400000           8314            300            3.8      0.3456125 
107          NO_ID    1.524043556    126.7112149              0         33.367              4        5000000         400000           8314            300            3.8     0.34699673 
108          NO_ID    1.616404064     125.009247              0         33.367              4        5000000         400000           8314            300            3.8     0.37303609 
109          NO_ID    1.915153446    134.2191903              0         33.367              4        5000000         400000           8314            300            3.8      0.4116537 
110          NO_ID    1.389449504    127.7551515              0         33.367              4        5000000         400000           8314            300            3.8      0.3137671 
111          NO_ID    1.896431915    115.8681191              0         33.367              4        5000000         400000           8314            300            3.8     0.47218953 
112          NO_ID     1.78336923     134.836417              0         33.367              4        5000000         400000           8314            300            3.8     0.38157255 
113          NO_ID    1.471624283    128.3902201              0         33.367              4        5000000         400000           8314            300            3.8      0.3306801 
114          NO_ID    1.381724633    125.3636328              0         33.367              4        5000000         400000           8314            300            3.8     0.31797501 
115          NO_ID    1.323256465    127.5554455              0         33.367              4        5000000         400000           8314            300            3.8     0.29928715 
116          NO_ID    1.413505323     127.114764              0         33.367              4        5000000         400000           8314            300            3.8      0.3208075 
117          NO_ID    1.897596905    123.9330844              0         33.367              4        5000000         400000           8314            300            3.8     0.44173292 
118          NO_ID    1.442704179     128.097993              0         33.367              4        5000000         400000           8314            300            3.8     0.32492118 
119          NO_ID    1.776061723    123.1495788              0         33.367              4        5000000         400000           8314            300            3.8      0.4160717 
120          NO_ID    1.573855198    121.6235218              0         33.367              4        5000000         400000           8314            300            3.8     0.37332773 
121          NO_ID    1.854188472    127.7557153              0         33.367              4        5000000         400000           8314            300            3.8     0.41871314 
122          NO_ID     1.53522283    128.9394345              0         33.367              4        5000000         400000           8314            300            3.8     0.34350156 
123          NO_ID    1.645441486    130.7773547              0         33.367              4        5000000         400000           8314            300            3.8     0.36298857 
124          NO_ID    1.752275214    116.0170265              0         33.367              4        5000000         400000           8314            300            3.8      0.4357362 
125          NO_ID    1.451496743    124.6522232              0         33.367              4        5000000         400000           8314            300            3.8     0.33593797 
126          NO_ID    1.799090328    122.7806539              0         33.367              4        5000000         400000           8314            300            3.8     0.42273293 
127          NO_ID    1.374192181    129.9447513              0         33.367              4        5000000         400000           8314            300            3.8     0.30509268 
128          NO_ID    1.455834269    126.1729607              0         33.367              4        5000000         400000           8314            300            3.8     0.33288076 
129          NO_ID    1.384353241     129.294169              0         33.367              4        5000000         400000           8314            300            3.8     0.30889511 
130          NO_ID    1.515440633    123.3745611              0         33.367              4        5000000         400000           8314            300            3.8     0.35436952 
131          NO_ID    1.937178098    115.6224727              0         33.367              4        5000000         400000           8314            300            3.8     0.48335961 
132          NO_ID    1.951448348    123.5244075              0         33.367              4        5000000         400000           8314            300            3.8     0.45577168 
133          NO_ID    1.400125335    127.4393235              0         33.367              4        5000000         400000           8314            300            3.8      0.3169615 
134          NO_ID     1.57556311    123.3743648              0         33.367              4        5000000         400000           8314            300            3.8      0.3684291 
135          NO_ID    1.363325323    134.4579484              0         33.367              4        5000000         400000           8314            300            3.8     0.29252034 
136          NO_ID    1.695474441    127.4296321              0         33.367              4        5000000         400000           8314            300            3.8     0.38385206 
137          NO_ID    1.815954912    125.3154492              0         33.367              4        5000000         400000           8314            300            3.8      0.4180647 
138          NO_ID    1.665717985    124.6603945              0         33.367              4        5000000         400000           8314            300            3.8     0.38549259 
139          NO_ID     1.36807636    122.7729571              0         33.367              4        5000000         400000           8314            300            3.8     0.32147757 
140          NO_ID    1.524414458    127.5845205              0         33.367              4        5000000         400000           8314            300            3.8     0.34470543 
141          NO_ID    1.637319443    124.3600452              0         33.367              4        5000000         400000           8314            300            3.8     0.37983555 
142          NO_ID    1.966920954    123.9893724              0         33.367              4        5000000         400000           8314            300            3.8     0.45766268 
143          NO_ID      1.8097903    130.6263947              0         33.367              4        5000000         400000           8314            300            3.8     0.39970573 
144          NO_ID    1.537194311    127.4278285              0         33.367              4        5000000         400000           8314            300            3.8     0.34802268 
145          NO_ID     1.60747814    121.7972459              0         33.367              4        5000000         400000           8314            300            3.8     0.38075943 
146          NO_ID     1.23061217    126.5131394              0         33.367              4        5000000         400000           8314            300            3.8     0.28062647 
147          NO_ID    1.853192251    124.0132155              0         33.367              4        5000000         400000           8314            300            3.8     0.43111741 
148          NO_ID    1.753649358    127.4764801              0         33.367              4        5000000         400000           8314            300            3.8     0.39687684 
149          NO_ID    1.708242895    124.9656489              0         33.367              4        5000000         400000           8314            300            3.8     0.39436833 
150          NO_ID     1.37183351    128.6072397              0         33.367              4        5000000         400000           8314            300            3.8     0.30773652 
151          NO_ID    1.462424434    123.9140953              0         33.367              4        5000000         400000           8314            300            3.8     0.34048327 
152          NO_ID    1.807120178    125.1100045              0         33.367              4        5000000         400000           8314            300            3.8     0.41671396 
153          NO_ID    1.368513604     123.197077              0         33.367              4        5000000         400000           8314            300            3.8     0.32047324 
154          NO_ID    2.092735297     124.861547              0         33.367              4        5000000         400000           8314            300            3.8     0.48353581 
155          NO_ID    1.407425912    120.2472646              0         33.367              4        5000000         400000           8314            300            3.8     0.33767071 
156          NO_ID    1.649267551    125.8556697              0         33.367              4        5000000         400000           8314            300            3.8     0.37806057 
157          NO_ID    1.699640093    123.6640185              0         33.367              4        5000000         400000           8314            300            3.8      0.3965123 
158          NO_ID    1.290670668    124.5274792              0         33.367              4        5000000         400000           8314            300            3.8     0.29901522 
159          NO_ID    1.422881159    127.9056625              0         33.367              4        5000000         400000           8314            300            3.8     0.32093857 
160          NO_ID     1.48299954    119.6861381              0         33.367              4        5000000         400000           8314            300            3.8     0.35747051 
161          NO_ID    1.509953982    126.2140708              0         33.367              4        5000000         400000           8314            300            3.8     0.34514294 
162          NO_ID    1.358100807    123.7478993              0         33.367              4        5000000         400000           8314            300            3.8     0.31661919 
163          NO_ID    1.583991855    121.2194183              0         33.367              4        5000000         400000           8314            300            3.8     0.37698477 
164          NO_ID    1.199829993    118.0417535              0         33.367              4        5000000         400000           8314            300            3.8     0.29324264 
165          NO_ID    1.620509533    122.9696449              0         33.367              4        5000000         400000           8314            300            3.8     0.38018653 
166          NO_ID      1.3652478    130.4365321              0         33.367              4        5000000         400000           8314            300            3.8     0.30196409 
167          NO_ID    1.526434055    128.4288172              0         33.367              4        5000000         400000           8314            300            3.8       0.342893 
168          NO_ID    1.226569096    122.9857036              0         33.367              4        5000000         400000           8314            300            3.8     0.28772688 
169          NO_ID    1.464671253    127.0850322              0         33.367              4        5000000         400000           8314            300            3.8     0.33249783 
170          NO_ID     1.69898902    125.1466809              0         33.367              4        5000000         400000           8314            300            3.8     0.39166457 
171          NO_ID    1.288386912    132.0099339              0         33.367              4        5000000         400000           8314            300            3.8     0.28156764 
172          NO_ID    1.841304101    119.1296948              0         33.367              4        5000000         400000           8314            300            3.8     0.44591137 
173          NO_ID     1.55924706    126.1432047              0         33.367              4        5000000         400000           8314            300            3.8      0.3566105 
174          NO_ID    1.574497567    122.9437545              0         33.367              4        5000000         400000           8314            300            3.8     0.36946949 
175          NO_ID    1.443393421     119.073948              0         33.367              4        5000000         400000           8314            300            3.8     0.34971239 
176          NO_ID    1.408052247    132.4838022              0         33.367              4        5000000         400000           8314            300            3.8     0.30661898 
177          NO_ID    1.898388721    120.7894691              0         33.367              4        5000000         400000           8314            300            3.8     0.45341839 
178          NO_ID    1.653803457    120.0037698              0         33.367              4        5000000         400000           8314            300            3.8      0.3975869 
179          NO_ID    1.452842381    121.2433386              0         33.367              4        5000000         400000           8314            300            3.8     0.34570341 
180          NO_ID    1.551091753    122.5567301              0         33.367              4        5000000         400000           8314            300            3.8     0.36512652 
181          NO_ID    1.690094862    126.2548621              0         33.367              4        5000000         400000           8314            300            3.8     0.38619445 
182          NO_ID    1.246430011    128.8698676              0         33.367              4        5000000         400000           8314            300            3.8     0.27903557 
183          NO_ID    1.463426283    135.8149151              0         33.367              4        5000000         400000           8314            300            3.8     0.31086114 
184          NO_ID    1.678235459    121.5540175              0         33.367              4        5000000         400000           8314            300            3.8     0.39831497 
185          NO_ID    1.177356152     126.593757              0         33.367              4        5000000         400000           8314            300            3.8     0.26831109 
186          NO_ID    1.872294747     126.404263              0         33.367              4        5000000         400000           8314            300            3.8      0.4273223 
187          NO_ID    1.539068588    127.6534668              0         33.367              4        5000000         400000           8314            300            3.8      0.3478311 
188          NO_ID    1.745114052    123.8001758              0         33.367              4        5000000         400000           8314            300            3.8     0.40667325 
189          NO_ID    1.482240825    122.0050899              0         33.367              4        5000000         400000           8314            300            3.8     0.35049665 
190          NO_ID    1.515747045    130.6644947              0         33.367              4        5000000         400000           8314            300            3.8     0.33466646 
191          NO_ID    1.699696627    127.0548836              0         33.367              4        5000000         400000           8314            300            3.8     0.38594294 
192          NO_ID    1.779663386    117.2790007              0         33.367              4        5000000         400000           8314            300            3.8     0.43778479 
193          NO_ID    1.773148055    116.1142426              0         33.367              4        5000000         400000           8314            300            3.8     0.44055746 
194          NO_ID    1.482970633    122.3186417              0         33.367              4        5000000         400000           8314            300            3.8     0.34977032 
195          NO_ID    1.649357471    122.4531459              0         33.367              4        5000000         400000           8314            300            3.8     0.38858667 
196          NO_ID    1.905073396       133.4835              0         33.367              4        5000000         400000           8314            300            3.8     0.41174391 
197          NO_ID    1.585082722    122.0878575              0         33.367              4        5000000         400000           8314            300            3.8     0.37456096 
198          NO_ID    1.897649157    113.6472719              0         33.367              4        5000000         400000           8314            300            3.8     0.48172586 
199          NO_ID    1.661751595    118.6977914              0         33.367              4        5000000         400000           8314            300            3.8     0.40389318 
200          NO_ID    1.882997547    126.8145798              0         33.367              4        5000000         400000           8314            300            3.8     0.42837451 
