1 1 1 1 26 -75 -175
2 3 1 1 46 -181 -69
3 1 0 1 43 -163 -87
1 0 3 1 27 -71 -179
1 1 1 3 42 -145 -105
1 1 1 0 18 -40 -210
2 1 1 1 36 -125 -125
3 0 2 0 36 -124 -126
0 1 3 0 14 -14 -236
0 1 3 3 38 -119 -131
0 3 2 0 21 -58 -192
0 0 3 0 9 14 -264
1 1 0 0 15 -28 -222
3 3 3 0 54 -220 -30
1 0 3 0 19 -36 -214
0 3 3 0 24 -70 -180
0 3 2 1 29 -93 -157
0 0 3 3 33 -91 -159
1 0 0 3 34 -105 -145
3 0 3 1 47 -171 -79
0 0 2 1 14 -9 -241
1 0 2 0 16 -24 -226
0 2 2 0 16 -30 -220
2 0 2 0 26 -74 -176
0 0 2 0 6 26 -276
1 1 2 1 29 -87 -163
1 2 2 1 34 -115 -135
0 1 2 0 11 -2 -248
0 1 0 0 5 22 -272
0 0 3 1 17 -21 -229
0 2 3 0 19 -42 -208
2 0 3 0 29 -86 -164
1 2 3 0 29 -92 -158
0 0 1 1 11 3 -253
0 0 0 3 24 -55 -195
0 1 1 1 16 -25 -225
0 0 1 0 3 38 -288
0 0 0 1 8 15 -265
1 1 3 0 24 -64 -186
1 3 1 1 36 -131 -119
0 0 0 2 16 -20 -230
1 1 2 0 21 -52 -198
0 1 1 0 8 10 -260
