%eval_id                 interface                A1                       Width                    A2                       footStepCount            personOnTrain            personOnStation          time                     
1                        NO_ID                    40                       2.4                      20                       24                       1500                     50                       2.7791551882461          
2                        NO_ID                    39.96                    2.4                      20                       24                       1500                     50                       2.7791551882461          
3                        NO_ID                    39.84                    2.4                      20                       24                       1500                     50                       2.7791551882461          
4                        NO_ID                    39.68                    2.4                      20                       24                       1500                     50                       2.7791551882461          
5                        NO_ID                    40                       2.4024                   20                       24                       1500                     50                       2.77906697004924         
6                        NO_ID                    40                       2.4096                   20                       24                       1500                     50                       2.77880236794171         
7                        NO_ID                    40                       2.3904                   20                       24                       1500                     50                       2.77950814854002         
8                        NO_ID                    39.84                    2.4096                   20                       24                       1500                     50                       2.77880236794171         
9                        NO_ID                    40                       2.4                      20.02                    24                       1500                     50                       2.7791551882461          
10                       NO_ID                    40                       2.4                      20.08                    24                       1500                     50                       2.7791551882461          
11                       NO_ID                    40                       2.4                      20.16                    24                       1500                     50                       2.7791551882461          
12                       NO_ID                    39.84                    2.4                      20.08                    24                       1500                     50                       2.7791551882461          
13                       NO_ID                    40                       2.4096                   20.08                    24                       1500                     50                       2.77880236794171         
14                       NO_ID                    40                       2.4                      20                       24.024                   1500                     50                       2.7791551882461          
15                       NO_ID                    40                       2.4                      20                       24.096                   1500                     50                       2.7791551882461          
16                       NO_ID                    40                       2.4                      20                       23.904                   1500                     50                       2.7791551882461          
17                       NO_ID                    39.84                    2.4                      20                       24.096                   1500                     50                       2.7791551882461          
18                       NO_ID                    40                       2.4096                   20                       24.096                   1500                     50                       2.77880236794171         
19                       NO_ID                    40                       2.4                      20.08                    24.096                   1500                     50                       2.7791551882461          
20                       NO_ID                    40                       2.4                      20                       24                       1501.5                   50                       2.78145087235996         
21                       NO_ID                    40                       2.4                      20                       24                       1506                     50                       2.78604224058769         
22                       NO_ID                    40                       2.4                      20                       24                       1494                     50                       2.7722681359045          
23                       NO_ID                    39.84                    2.4                      20                       24                       1506                     50                       2.78604224058769         
24                       NO_ID                    40                       2.4096                   20                       24                       1506                     50                       2.78568805452729         
25                       NO_ID                    40                       2.4                      20.08                    24                       1506                     50                       2.78604224058769         
26                       NO_ID                    40                       2.4                      20                       24.096                   1506                     50                       2.78604224058769         
27                       NO_ID                    40                       2.4                      20                       24                       1500                     50.05                    2.7791551882461          
28                       NO_ID                    40                       2.4                      20                       24                       1500                     50.2                     2.7791551882461          
29                       NO_ID                    40                       2.4                      20                       24                       1500                     49.8                     2.7791551882461          
30                       NO_ID                    39.84                    2.4                      20                       24                       1500                     50.2                     2.7791551882461          
31                       NO_ID                    40                       2.4096                   20                       24                       1500                     50.2                     2.77880236794171         
32                       NO_ID                    40                       2.4                      20.08                    24                       1500                     50.2                     2.7791551882461          
33                       NO_ID                    40                       2.4                      20                       24.096                   1500                     50.2                     2.7791551882461          
34                       NO_ID                    40                       2.4                      20                       24                       1506                     50.2                     2.78604224058769         
35                       NO_ID                    40                       1.2                      20                       24                       1423.0924651905          50                       2.73375706214689         
36                       NO_ID                    39.96                    1.2                      20                       24                       1423.0924651905          50                       2.73375706214689         
37                       NO_ID                    40                       1.2012                   20                       24                       1423.0924651905          50                       2.73371298469813         
38                       NO_ID                    40                       1.2                      20.02                    24                       1423.0924651905          50                       2.73375706214689         
39                       NO_ID                    40                       1.2                      20                       24.024                   1423.0924651905          50                       2.73375706214689         
40                       NO_ID                    40                       1.2                      20                       24                       1424.51555765569         50                       2.73611111111111         
41                       NO_ID                    40                       1.2                      20                       24                       1423.0924651905          50.05                    2.73375706214689         
42                       NO_ID                    39.84                    1.2                      20                       24                       1423.0924651905          50                       2.73375706214689         
43                       NO_ID                    39.68                    1.2                      20                       24                       1423.0924651905          50                       2.73375706214689         
44                       NO_ID                    40                       1.2048                   20                       24                       1423.0924651905          50                       2.73358076579783         
45                       NO_ID                    40                       1.2096                   20                       24                       1423.0924651905          50                       2.73340450529836         
46                       NO_ID                    39.84                    1.2048                   20                       24                       1423.0924651905          50                       2.73358076579783         
47                       NO_ID                    40                       1.2                      20.08                    24                       1423.0924651905          50                       2.73375706214689         
48                       NO_ID                    40                       1.2                      20.16                    24                       1423.0924651905          50                       2.73375706214689         
49                       NO_ID                    39.84                    1.2                      20.08                    24                       1423.0924651905          50                       2.73375706214689         
50                       NO_ID                    40                       1.2048                   20.08                    24                       1423.0924651905          50                       2.73358076579783         
51                       NO_ID                    40                       1.2                      20                       24.096                   1423.0924651905          50                       2.73375706214689         
52                       NO_ID                    40                       1.2                      20                       23.904                   1423.0924651905          50                       2.73375706214689         
53                       NO_ID                    39.84                    1.2                      20                       24.096                   1423.0924651905          50                       2.73375706214689         
54                       NO_ID                    40                       1.2048                   20                       24.096                   1423.0924651905          50                       2.73358076579783         
55                       NO_ID                    40                       1.2                      20.08                    24.096                   1423.0924651905          50                       2.73375706214689         
56                       NO_ID                    40                       1.2                      20                       24                       1428.78483505126         50                       2.74081920903955         
57                       NO_ID                    40                       1.2                      20                       24                       1417.40009532974         50                       2.72669491525424         
58                       NO_ID                    39.84                    1.2                      20                       24                       1428.78483505126         50                       2.74081920903955         
59                       NO_ID                    40                       1.2048                   20                       24                       1428.78483505126         50                       2.74064219457908         
60                       NO_ID                    40                       1.2                      20.08                    24                       1428.78483505126         50                       2.74081920903955         
61                       NO_ID                    40                       1.2                      20                       24.096                   1428.78483505126         50                       2.74081920903955         
62                       NO_ID                    40                       1.2                      20                       24                       1423.0924651905          50.2                     2.73375706214689         
63                       NO_ID                    40                       1.2                      20                       24                       1423.0924651905          49.8                     2.73375706214689         
64                       NO_ID                    39.84                    1.2                      20                       24                       1423.0924651905          50.2                     2.73375706214689         
65                       NO_ID                    40                       1.2048                   20                       24                       1423.0924651905          50.2                     2.73358076579783         
66                       NO_ID                    40                       1.2                      20.08                    24                       1423.0924651905          50.2                     2.73375706214689         
67                       NO_ID                    40                       1.2                      20                       24.096                   1423.0924651905          50.2                     2.73375706214689         
68                       NO_ID                    40                       1.2                      20                       24                       1428.78483505126         50.2                     2.74081920903955         
69                       NO_ID                    40                       1.2                      20                       24                       900                      50                       2.11817325800377         
70                       NO_ID                    39.96                    1.2                      20                       24                       900                      50                       2.11817325800377         
71                       NO_ID                    40                       1.2012                   20                       24                       900                      50                       2.11814483059282         
72                       NO_ID                    40                       1.2                      20.02                    24                       900                      50                       2.11817325800377         
73                       NO_ID                    40                       1.2                      20                       24.024                   900                      50                       2.11817325800377         
74                       NO_ID                    40                       1.2                      20                       24                       900.9                    50                       2.11935028248588         
75                       NO_ID                    40                       1.2                      20                       24                       900                      50.05                    2.11817325800377         
76                       NO_ID                    39.84                    1.2                      20                       24                       900                      50                       2.11817325800377         
77                       NO_ID                    39.68                    1.2                      20                       24                       900                      50                       2.11817325800377         
78                       NO_ID                    40                       1.2048                   20                       24                       900                      50                       2.11805955703186         
79                       NO_ID                    40                       1.2096                   20                       24                       900                      50                       2.11794587918088         
80                       NO_ID                    39.84                    1.2048                   20                       24                       900                      50                       2.11805955703186         
81                       NO_ID                    40                       1.2                      20.08                    24                       900                      50                       2.11817325800377         
82                       NO_ID                    40                       1.2                      20.16                    24                       900                      50                       2.11817325800377         
83                       NO_ID                    39.84                    1.2                      20.08                    24                       900                      50                       2.11817325800377         
84                       NO_ID                    40                       1.2048                   20.08                    24                       900                      50                       2.11805955703186         
85                       NO_ID                    40                       1.2                      20                       24.096                   900                      50                       2.11817325800377         
86                       NO_ID                    40                       1.2                      20                       23.904                   900                      50                       2.11817325800377         
87                       NO_ID                    39.84                    1.2                      20                       24.096                   900                      50                       2.11817325800377         
88                       NO_ID                    40                       1.2048                   20                       24.096                   900                      50                       2.11805955703186         
89                       NO_ID                    40                       1.2                      20.08                    24.096                   900                      50                       2.11817325800377         
90                       NO_ID                    40                       1.2                      20                       24                       903.6                    50                       2.1228813559322          
91                       NO_ID                    40                       1.2                      20                       24                       896.4                    50                       2.11346516007533         
92                       NO_ID                    39.84                    1.2                      20                       24                       903.6                    50                       2.1228813559322          
93                       NO_ID                    40                       1.2048                   20                       24                       903.6                    50                       2.12276717621937         
94                       NO_ID                    40                       1.2                      20.08                    24                       903.6                    50                       2.1228813559322          
95                       NO_ID                    40                       1.2                      20                       24.096                   903.6                    50                       2.1228813559322          
96                       NO_ID                    40                       1.2                      20                       24                       900                      50.2                     2.11817325800377         
97                       NO_ID                    40                       1.2                      20                       24                       900                      49.8                     2.11817325800377         
98                       NO_ID                    39.84                    1.2                      20                       24                       900                      50.2                     2.11817325800377         
99                       NO_ID                    40                       1.2048                   20                       24                       900                      50.2                     2.11805955703186         
100                      NO_ID                    40                       1.2                      20.08                    24                       900                      50.2                     2.11817325800377         
101                      NO_ID                    40                       1.2                      20                       24.096                   900                      50.2                     2.11817325800377         
102                      NO_ID                    40                       1.2                      20                       24                       903.6                    50.2                     2.1228813559322          
103                      NO_ID                    40                       3.3                      20                       24                       900                      50                       2.07054315979265         
104                      NO_ID                    39.96                    3.3                      20                       24                       900                      50                       2.07054315979265         
105                      NO_ID                    40                       3.2967                   20                       24                       900                      50                       2.07061482366523         
106                      NO_ID                    40                       3.3                      20.02                    24                       900                      50                       2.07054315979265         
107                      NO_ID                    40                       3.3                      20                       24.024                   900                      50                       2.07054315979265         
108                      NO_ID                    40                       3.3                      20                       24                       900.9                    50                       2.07167004732928         
109                      NO_ID                    40                       3.3                      20                       24                       900                      50.05                    2.07054315979265         
110                      NO_ID                    39.84                    3.3                      20                       24                       900                      50                       2.07054315979265         
111                      NO_ID                    39.68                    3.3                      20                       24                       900                      50                       2.07054315979265         
112                      NO_ID                    40                       3.2868                   20                       24                       900                      50                       2.07082987286206         
113                      NO_ID                    40                       3.2736                   20                       24                       900                      50                       2.0711167395477          
114                      NO_ID                    39.84                    3.2868                   20                       24                       900                      50                       2.07082987286206         
115                      NO_ID                    40                       3.3                      20.08                    24                       900                      50                       2.07054315979265         
116                      NO_ID                    40                       3.3                      20.16                    24                       900                      50                       2.07054315979265         
117                      NO_ID                    39.84                    3.3                      20.08                    24                       900                      50                       2.07054315979265         
118                      NO_ID                    40                       3.2868                   20.08                    24                       900                      50                       2.07082987286206         
119                      NO_ID                    40                       3.3                      20                       24.096                   900                      50                       2.07054315979265         
120                      NO_ID                    40                       3.3                      20                       23.904                   900                      50                       2.07054315979265         
121                      NO_ID                    39.84                    3.3                      20                       24.096                   900                      50                       2.07054315979265         
122                      NO_ID                    40                       3.2868                   20                       24.096                   900                      50                       2.07082987286206         
123                      NO_ID                    40                       3.3                      20.08                    24.096                   900                      50                       2.07054315979265         
124                      NO_ID                    40                       3.3                      20                       24                       903.6                    50                       2.07505070993915         
125                      NO_ID                    40                       3.3                      20                       24                       896.4                    50                       2.06603560964616         
126                      NO_ID                    39.84                    3.3                      20                       24                       903.6                    50                       2.07505070993915         
127                      NO_ID                    40                       3.2868                   20                       24                       903.6                    50                       2.07533863022148         
128                      NO_ID                    40                       3.3                      20.08                    24                       903.6                    50                       2.07505070993915         
129                      NO_ID                    40                       3.3                      20                       24.096                   903.6                    50                       2.07505070993915         
130                      NO_ID                    40                       3.3                      20                       24                       900                      50.2                     2.07054315979265         
131                      NO_ID                    40                       3.3                      20                       24                       900                      49.8                     2.07054315979265         
132                      NO_ID                    39.84                    3.3                      20                       24                       900                      50.2                     2.07054315979265         
133                      NO_ID                    40                       3.2868                   20                       24                       900                      50.2                     2.07082987286206         
134                      NO_ID                    40                       3.3                      20.08                    24                       900                      50.2                     2.07054315979265         
135                      NO_ID                    40                       3.3                      20                       24.096                   900                      50.2                     2.07054315979265         
136                      NO_ID                    40                       3.3                      20                       24                       903.6                    50.2                     2.07505070993915         
